33.33709626 35.29304493 32.56463145 32.38970676 30.59367902 33.16522127 31.65013603 31.01907432 28.52221203 34.18473677
33.99033417 34.22530529 32.56463145 32.32852454 30.24221694 33.62467782 31.34177134 31.68862749 31.05170484 33.20081991
32.69088961 33.93163277 32.44155938 31.37999037 31.07926664 32.35399258 32.46545716 32.4811321  28.94431239 33.38838537
31.80333632 31.7804071  31.80333632 31.27103841 30.80055024 32.86435282 31.39737374 30.46303143 31.97141989 32.28051877
33.57328494 33.81186248 32.8197127  31.86672763 30.86028837 32.1147332 31.43164671 32.13489221 30.33300559 33.14041385
33.35620064 33.84922771 32.99896658 31.6340714  31.06854303 32.04851938 31.97909412 31.99359421 31.11583636 32.97013887
33.96533244 34.19513048 32.57249409 32.06740988 30.86226521 32.69149136 31.04519687 31.98292791 29.36218333 33.17310829
33.9798   34.203327 32.564632 32.37368  30.890844 32.916355 31.721478 32.341488 30.219492 33.343357




