-20.84117587 -21.92927821 -21.18818891 -21.43334451 -20.90690755 -20.89867462 -20.80708326 -20.11326428 -20.45964979 -23.59553062
-21.79248104 -20.74391182 -21.18818891 -21.63945017 -20.35297309 -20.8034688  -20.4351769  -20.18417291 -21.79248104 -21.42570144
-20.98323329 -21.41244136 -20.93475515 -21.56182962 -20.89055422 -20.82613514 -20.79558566 -21.04726447 -20.35754977 -22.70044744
-21.10899714 -20.61507147 -21.10899714 -21.36334075 -20.4334136 -21.11468489 -20.83428582 -21.27824537 -21.27382143 -21.84421045
-21.50544974 -20.88244338 -21.28644706 -21.95885188 -21.17202883 -21.31892484 -20.87103048 -20.58924736 -20.69666999 -22.26294731
-21.32426696 -21.02312318 -21.10046928 -21.77051819 -21.2956394 -21.35816653 -21.02312318 -20.64313293 -20.97628968 -21.90423272
-21.76436835 -20.78632817 -21.17737067 -21.85765132 -20.97122012 -21.48778005 -20.84189516 -20.44435528 -20.60272994 -22.67697621
-21.751102 -21.03493  -21.187908 -21.953161 -20.748596 -21.522131 -20.881779 -20.773708 -20.847971 -21.801735





