-2.0268573  -1.57191255 -1.86558723 -2.03330183 -3.60816995 -1.25581066 -1.44681843 -7.32492423 -5.96699259  0.17590988 
-1.09625997  0.02216365 -1.86558723 -2.19210578 -2.19210578 -1.39529986 -1.39529986 -4.04026706 -2.02748481 -2.19210578
-2.01544712 -1.90768764 -2.28274456 -1.97947235 -3.60581666 -1.36796893 -1.44257753 -5.33509884 -4.98058065 -0.77282995
-2.40248479 -3.29969858 -2.40248479 -2.63976012 -5.08742437 -1.72514296 -2.3483997  -4.95492313 -2.16345117 -2.0566703
-1.35563671 -2.15564959 -1.81603339 -2.72043977 -3.83409093 -1.67744969 -1.72976238 -4.07871849 -3.62929865 -1.57515734
-2.2025852  -1.8592452  -2.30539079 -2.66973009 -3.99327632 -2.2025852 -1.85669792 -4.38376893 -3.7634753  -1.86173746
-1.19201061 -2.43203737 -1.86193038 -1.95326014 -3.46281258 -1.15339462 -1.31219181 -4.10188095 -3.86320547 -1.22527916
-1.3180959 -2.5934594 -1.8654656 -2.2291539 -4.9714837 -1.496356 -1.393745  -5.239983  -3.7891915 -1.1760104



